1 0.569885 0.190542 0.231988 0.033380
1 0.698127 0.253129 0.479827 0.030598
1 0.692363 0.306676 0.476945 0.020862
1 0.573487 0.384562 0.239193 0.026426
1 0.567003 0.444367 0.214697 0.031989
1 0.609510 0.503477 0.305476 0.036161
1 0.557637 0.557024 0.213256 0.026426
1 0.597262 0.618915 0.286744 0.027816
1 0.554755 0.676634 0.167147 0.026426
1 0.548271 0.731572 0.180115 0.030598
1 0.775937 0.733658 0.243516 0.026426
1 0.564841 0.792768 0.198847 0.030598
1 0.554035 0.851182 0.188761 0.030598
1 0.554755 0.908901 0.190202 0.026426
