1 0.369284 0.304712 0.134599 0.023163
1 0.361519 0.326278 0.119068 0.021565
1 0.361950 0.347045 0.118205 0.021565
1 0.380069 0.391773 0.142364 0.024760
1 0.374029 0.438898 0.130285 0.021565
1 0.387834 0.478435 0.156169 0.025559
1 0.391717 0.525958 0.151855 0.023163
1 0.385246 0.575879 0.137187 0.022364
1 0.466350 0.632588 0.247627 0.041534
1 0.364107 0.719649 0.055220 0.025559
1 0.577222 0.748403 0.093184 0.041534
1 0.384383 0.826677 0.087144 0.025559
1 0.424072 0.884984 0.233822 0.038339
1 0.776531 0.775559 0.131148 0.038339
1 0.794651 0.699681 0.205349 0.039936
1 0.784297 0.840256 0.122519 0.035144
1 0.874029 0.888578 0.222606 0.050319
1 0.842968 0.946086 0.191544 0.047125
