1 0.576212 0.293619 0.307159 0.029887
1 0.605658 0.350565 0.359122 0.022617
1 0.607390 0.418417 0.406467 0.030695
1 0.598730 0.386107 0.375289 0.027464
1 0.489030 0.453150 0.202079 0.029079
1 0.514434 0.484653 0.229792 0.029079
1 0.500000 0.518174 0.196305 0.029887
1 0.486721 0.549273 0.174365 0.024233
1 0.506928 0.587237 0.187067 0.029079
1 0.450346 0.622779 0.073903 0.029079
1 0.480370 0.656300 0.159353 0.025040
1 0.519630 0.692649 0.193995 0.031502
1 0.515012 0.780695 0.205543 0.033118
1 0.508083 0.845719 0.191686 0.042003
1 0.478637 0.908320 0.282910 0.036349
