1 0.494005 0.270174 0.215827 0.025536
1 0.492806 0.310010 0.199041 0.029622
1 0.511391 0.355465 0.243405 0.028601
1 0.537770 0.397344 0.233813 0.028601
1 0.491607 0.468846 0.163070 0.028601
1 0.495204 0.500000 0.177458 0.025536
1 0.492206 0.539326 0.188249 0.036772
1 0.485012 0.572523 0.178657 0.023493
1 0.414269 0.608274 0.051559 0.029622
1 0.505396 0.717058 0.183453 0.028601
1 0.574341 0.749234 0.304556 0.033708
1 0.501199 0.798264 0.184652 0.031665
1 0.547362 0.826864 0.305755 0.031665
1 0.498201 0.881512 0.205036 0.028601
1 0.510791 0.917263 0.201439 0.034729
1 0.471223 0.432584 0.163070 0.027579
